949
949
949
949
947
947
952
950
950
953
956
955
959
963
962
968
974
977
985
992
997
1006
1015
1021
1030
1038
1039
1046
1050
1051
1057
1061
1057
1056
1052
1041
1038
1028
1014
1007
999
991
987
981
978
976
975
971
972
970
969
969
970
968
969
974
970
976
974
973
978
978
976
980
980
976
981
978
977
980
978
974
976
977
973
974
973
970
972
970
966
967
966
964
964
963
960
961
962
959
960
962
959
961
969
968
973
976
975
977
981
978
982
981
975
974
970
970
974
972
961
959
956
948
948
945
943
943
946
940
944
945
942
944
943
935
916
906
927
982
1118
1262
1374
1384
1252
1050
936
919
943
965
952
949
948
940
937
937
931
934
932
927
933
932
929
929
930
927
932
936
930
938
937
936
942
946
944
950
956
955
966
972
976
987
997
999
1010
1016
1023
1031
1035
1038
1045
1046
1043
1043
1041
1033
1027
1018
1006
998
988
976
972
969
961
961
962
955
958
958
954
954
955
953
958
958
957
960
961
958
962
964
960
963
965
961
965
964
963
963
964
959
961
961
957
959
957
956
955
956
953
955
955
949
952
951
948
949
949
944
947
950
944
949
947
945
945
948
947
952
957
961
962
961
962
970
972
969
974
971
965
962
961
960
964
956
949
948
943
940
939
937
934
934
936
932
934
936
933
937
935
922
900
906
933
1033
1199
1331
1392
1297
1063
927
916
940
956
945
941
943
933
925
927
927
921
924
924
922
925
925
922
926
926
925
930
932
933
937
943
942
948
956
958
969
975
981
991
1004
1007
1014
1022
1023
1030
1038
1035
1039
1036
1027
1026
1021
1005
999
991
978
972
968
960
960
958
952
955
954
953
956
955
953
956
957
955
957
958
956
958
961
957
959
962
957
960
962
959
961
960
957
959
961
955
958
957
954
953
953
949
950
951
947
950
949
945
947
945
942
943
944
942
943
943
944
947
948
943
945
951
954
958
961
957
962
966
961
968
966
960
955
956
955
960
956
947
948
945
938
935
933
933
937
934
930
934
936
933
934
934
929
910
907
930
990
1131
1267
1361
1325
1122
951
909
928
957
945
938
940
936
929
929
928
925
927
928
927
930
927
926
929
930
926
933
934
929
937
939
938
944
949
953
961
966
972
981
988
992
1003
1010
1013
1019
1026
1027
1032
1036
1030
1031
1030
1022
1016
1005