Kanal: 1
SigLength: 2500
26964
17221
26144
25964
3384
29295
28526
29301
27502
31060
18243
8293
3436
26473
22026
8250
25972
17162
14963
29541
14958
24914
12336
25966
2573
14963
3376
8224
8302
12336
8308
12336
8293
2573
65447
65447
65447
65447
65461
65469
65459
65445
65443
65441
65437
65433
65451
65453
65453
65459
65447
65437
65473
25
65475
65473
65477
65475
65481
65485
65489
65493
65505
65505
65509
65515
65501
65489
65485
65469
65465
65457
65463
65451
65453
65447
65445
65461
65459
65459
65475
65467
65441
65441
65443
65433
65447
65441
65457
65451
65439
65447
1
65517
65465
65475
65461
65471
65475
65477
65483
65483
65485
65495
65501
65489
65479
65469
65461
65455
65449
65449
65443
65437
65439
65435
65433
65441
65449
65455
65445
65441
65431
65429
65427
65437
65447
65451
65459
65451
65445
65487
21
65467
65463
65473
65473
65479
65481
65489
65497
65505
65503
65507
65507
65505
65489
65479
65471
65469
65467
65455
65447
65449
65447
65447
65445
65449
65459
65465
65453
65441
65437
65439
65439
65447
65451
65453
65465
65447
65443
65495
65527
65471
65471
65473
65481
65481
65491
65495
65509
65517
65517
65519
65519
65503
65483
65479
65479
65469
65467
65463
65457
65465
65463
65461
65475
65481
65471
65457
65459
65453
65451
65443
65453
65455
65461
65455
65451
65481
39
65479
65471
65477
65473
65477
65477
65489
65489
65503
65503
65511
65503
65499
65495
65479
65469
65463
65465
65457
65455
65451
65449
65459
65445
65447
65455
65467
65471
65449
65443
65441
65433
65437
65443
65449
65457
65455
65433
65439
65491
65525
65459
65461
65465
65461
65471
65483
65489
65489
65497
65505
65507
65501
65491
65483
65469
65463
65457
65455
65453
65443
65441
65439
65441
65447
65451
65457
65461
65449
65437
65441
65429
65427
65427
65423
65437
65443
65447
65441
65421
65457
7
65495
65451
65457
65453
65451
65461
65465
65467
65481
65485
65493
65497
65493
65487
65481
65471
65455
65459
65453
65455
65453
65449
65445
65439
65445
65449
65449
65459
65467
65461
65447
65441
65439
65437
65429
65445
65453
65453
65463
65457
65443
65475
51
65487
65473
65467
65477
65475
65485
65485
65489
65495
65503
65505
65513
65517
65509
65495
65487
65475
65471
65467
65463
65463
65455
65451
65447
65447
65457
65473
65475
65453
65443
65445
65439
65433
65441
65447
65455
65455
65435
65445
65509
65505
65469
65469
65467
65475
65481
65489
65491
65497
65505
65511
65515
65513
65505
65499
65487
65479
65471
65469
65465
65457
65459
65451
65447
65453
65447
65463
65471
65465
65451
65445
65445
65437
65433
65449
65451
65461
65455
65435
65473
29
65477
65461
65467
65477
65471
65481
65489
65495
65501
65505
65513
65509
65499
65493
65485
65469
65467
65461
65465
65463
65457
65449
65449
65455
65459
65473
65469
65467
65453
65453
65441
65437
65431
65453
65453
65461
65457
65439
65483
47
65479
65467
65477
65475
65481
65481
65489
65493
65505
65511
65513
65511
65501
65487
65473
65471
65473
65465
65459
65459
65451
65453
65451
65475
65481
65471
65455
65447
65449
65441
65453
65453
65461
65463
65435
65471
41
65477
65481
65477
65485
65489
65491
65507
65515
65517
65517
65527
65525
65521
65493
65487
65477
65479
65471
65467
65461
65461
65463
65457
65457
65473
65479
65467
65465
65451
65447
65441
65447
65459
65463
65459
65445
65465
65523
65533
65467
65469
65473
65479
65481
65485
65487
65499
65509
65507
65509
65505
65495
65485
65475
65467
65467
65465
65463
65453
65445
65477
65431
65459
65473
65485
65463
65431
65429
65441
65453
65427
65439
65455
65477
65443
65441
65443
23
65507
65489
65453
65469
65477
65479
65491
65499
65509
65509
65509
65521
65517
65521
65513
65507
65493
65501
65493
65487
65485
65493
65485
65483
65481
65483
65489
65483
65489
65499
65503
65503
65493
65487
65483
65473
65475
65473
65489
65491
65493
65499
65493
65471
65501
13
43
65499
65491
65489
65489
65493
65493
65497
65497
65501
65507
65515
65515
65521
65525
65525
65517
65507
65497
65497
65493
65499
1
65495
65447
65427
65459
65467
65477
65465
65449
65475
65479
65473
65469
65461
65457
65449
65453
65449
65461
65471
65471
65467
65455
65461
65495
35
65503
65489
65491
65497
65501
65509
65511
65515
65525
65529
65531
65535
65535
65531
65519
65513
65505
65495
65493
65493
65491
65487
65481
65477
65487
65473
65491
65505
65503
65483
65475
65475
65469
65469
65475
65505
65535
65489
65465
65463
5
49
65479
65483
65487
65489
65497
65507
65513
65511
65525
65533
7
65535
3
65523
65507
65503
65495
65489
65497
65495
65495
65497
65493
65499
65497
65493
47
191
297
253
65495
65429
65433
65437
65433
65431
65417
65411
65415
65417
65431
65443
65457
65473
65473
65485
65479
65483
65485
65483
65485
65479
65487
65491
65491
65485
65485
65489
65491
65495
65485
65487
65503
65509
65507
65485
65475
65471
65465
65469
65475
65481
65489
65457
65483
51
65491
65491
65497
65511
65509
65515
65521
65529
65533
3
5
3
65529
65517
65505
65495
65493
65491
65481
65479
65467
65445
65479
67
227
301
117
65435
65393
65391
65379
65375
65375
65369
65373
65369
65367
65375
65391
65407
65421
65429
65441
65445
65449
65453
65453
65459
65461
65459
65459
65461
65465
65465
65465
65459
65465
65465
65465
65465
65467
65463
65475
65491
65487
65471
65463
65461
65453
65449
65459
65467
65473
65473
65465
65469
65497
45
65493
65491
65497
65501
65503
65511
65509
65513
65525
65527
65531
65525
3
1
65525
65521
65509
65495
65493
65489
65493
65475
65475
65475
65471
65451
65513
113
243
305
171
65455
65399
65401
65395
65395
65389
65389
65385
65381
65379
65381
65387
65401
65415
65425
65439
65451
65459
65459
65463
65463
65463
65471
65465
65465
65469
65469
65473
65473
65471
65475
65475
65475
65473
65473
65469
65469
65481
65473
65473
65483
65487
65479
65465
65455
65457
65447
65449
65455
65453
65457
65459
65455
65455
65477
17
65473
65467
65471
65471
65475
65483
65483
65489
65493
65497
65503
65503
65501
65497
65483
65473
65467
65463
65459
65457
65461
65453
65449
65435
65497
101
243
281
47
65409
65383
65381
65375
65379
65371
65373
65371
65371
65371
65383
65395
65407
65421
65431
65447
65453
65457
65453
65453
65459
65463
65465
65459
65459
65459
65463
65459
65455
65457
65457
65459
65457
65451
65459
65463
65477
65475
65457
65451
65449
65445
65441
65455
65457
65459
65465
65447
65485
15
65477
65481
65483
65487
65485
65495
65505
65505
65509
65517
65523
65519
65513
65503
65487
65487
65483
65479
65477
65473
65471
65449
65503
89
267
331
47
65413
65399
65399
65397
65395
65387
65381
65383
65387
65393
65403
65421
65437
65449
65457
65457
65463
65459
65465
65459
65465
65463
65461
65463
65461
65465
65459
65459
65463
65461
65465
65459
65461
65473
65475
65471
65459
65443
65445
65447
65451
65459
65463
65459
65443
65475
29
65495
65473
65475
65477
65487
65489
65493
65505
65509
65509
65511
65521
65523
65519
65509
65499
65493
65493
65491
65485
65481
65479
65479
65453
65507
115
283
323
33
65423
65419
65411
65405
65409
65401
65399
65403
65405
65407
65419
65435
65451
65467
65473
65479
65485
65489
65493
65495
65499
65497
65495
65495
65501
65499
65497
65495
65501
65501
65505
65503
65505
65507
65511
65519
65527
65521
65507
65503
65505
65493
65497
65499
65509
65513
65515
65495
65517
43
45
65523
65521
65519
65519
65521
65523
65523
65533
65533
3
3
3
3
65523
65515
65511
65495
65493
65483
65483
65475
65469
65467
65441
65485
73
233
327
159
65455
65399
65399
65391
65387
65397
65387
65379
65371
65371
65377
65387
65399
65415
65425
65443
65453
65453
65459
65463
65463
65473
65469
65473
65477
65485
65483
65483
65491
65483
65489
65497
65499
65501
65497
65503
65511
65509
65519
65525
65527
65521
65507
65507
65499
65501
65503
65519
65525
65531
65513
11
111
25
1
5
13
17
27
33
33
31
35
39
35
25
23
15
65535
65523
65513
65513
65511
65501
65497
65495
65497
65473
65507
109
259
331
87
65417
65401
65397
65403
65391
65389
65379
65375
65383
65387
65399
65413
65429
65441
65451
65457
65457
65463
65465
65463
65469
65465
65465
65465
65465
65463
65461
65463
65467
65467
65461
65461
65465
65475
65481
65471
65457
65457
65455
65449
65451
65461
65467
65473
65467
65467
15
65529
65485
65487
65493
65501
65505
65511
65519
65521
65531
3
3
7
65535
65521
65525
65521
65525
65525
65515
65517
65511
65493
53
223
335
297
65521
65433
65425
65419
65425
65423
65411
65413
65411
65419
65417
65425
65441
65457
65463
65469
65467
65471
65479
65477
65479
65477
65473
65475
65475
65473
65481
65477
65471
65473
65475
65473
65475
65469
65475
65483
65491
65481
65469
65469
65461
65461
65469
65477
65477
65475
65459
65503
47
65495
65497
65495
65499
65511
65515
65527
65531
5
7
13
9
7
65527
65517
65509
65507
65521
65515
65511
65509
65505
65479
17
181
299
311
35
65439
65423
65421
65413
65413
65411
65407
65409
65401
65403
65415
65425
65431
65447
65461
65471
65477
65481
65489
65493
65491
65495
65499
65497
65497
65499
65501
65503
65501
65499
65503
65499
65495
65497
65493
65497
65501
65511
65511
65499
65491
65493
65479
65483
65477
65489
65489
65495
65491
65481
65511
49
65507
65499
65505
65505
65511
65517
65515
65523
65527
65535
3
65535
5
1
65525
65517
65509
65501
65497
65501
65497
65485
65485
65491
65475
65479
43
207
313
325
81
65439
65423
65417
65411
65415
65417
65415
65409
65403
65409
65409
65413
65429
65441
65459
65465
65479
65489
65485
65489
65489
65487
65491
65489
65489
65487
65489
65491
65489
65489
65491
65493
65491
65493
65489
65481
65485
65493
65489
65497
65499
65499
65479
65475
65477
65465
65471
65477
65481
65481
65485
65481
65457
65467
65509
31
65501
65505
65499
65507
65507
65513
65519
65531
65521
65533
3
7
1
7
65533
65531
65519
65513
65499
65497
65495
65487
65489
65481
65469
65475
65473
65481
65491
65487
65473
65475
65467
65463
65463
65477
65479
65477
65479
65467
65469
65515
11
65485
65481
65495
65491
65493
65501
65507
65517
65525
65525
65525
65525
65521
65511
65491
65481
65477
65475
65473
65469
65473
65469
65473
65469
65469
65475
65489
65485
65473
65463
65459
65457
65455
65457
65467
65465
65477
65477
65453
65477
43
65499
65485
65493
65491
65493
65499
65509
65513
65519
65527
65529
65535
65525
65509
65495
65487
65483
65483
65477
65465
65467
65463
65461
65465
65485
65475
65463
65459
65453
65449
65447
65461
65459
65463
65463
65435
65463
31
65499
65469
65477
65479
65479
65487
65493
65497
65505
65511
65509
65515
65515
65505
65491
65483
65479
65481
65477
65471
65473
65465
65473
65473
65475
65481
65489
65481
65475
65467
65459
65467
65477
65479
65479
65489
65485
65485
65515
59
65503
65493
65497
65509
65509
65507
65515
65515
65523
65521
65527
65529
65529
65525
65515
65503
65495
65489
65483
65485
65483
65483
65479
65479
65473
65473
65473
65479
65493
65487
65473
65467
65469
65461
65457
65457
65465
65471
65477
65479
65479
65457
65485
5
21
65497
65497
65493
65499
65501
65509
65515
65523
65529
3
7
9
11
13
65531
65525
65521
65511
65509
65503
65501
65499
65501
65495
65493
65489
65491
65495
65501
65505
65505
65497
65487
65487
65479
65479
65479
65473
65485
65491
65493
65495
65495
65467
65503
3
63
65513
65489
65497
65497
65503
65503
65505
65511
65517
65521
65525
65523
65525
65531
65527
65521
65507
65499
65493
65489
65489
65481
65483
65485
65483
65479
65477
65471
65475
65493
65493
65475
65469
65469
65467
65457
65459
65465
65475
65483
65487
65485
65465
65491
3
41
65503
65495
65499
65505
65511
65511
65519
65521
65529
65531
65531
1
7
3
65533
65525
65517
65509
65497
65493
65499
65495
65489
65491
65479
65479
65481
65473
65477
65487
65491
65485
65479
65475
65463
65465
65467
65463
65485
65479
65483
65483
65463
65497
51
65529
65493
65493
65489
65497
65505
65507
65515
65517
65529
65529
65531
65529
65523
65511
65501
65493
65489
65487
65485
65481
65473
65477
65479
65473
65479
65497
65499
65477
65471
65467
65469
65467
65469
65479
65487
65491
65489
65481
65519
65
65511
65501
65501
65505
65509
65515
65521
65531
65533
1
9
11
7
65527
65517
65507
65501
65499
65495
65489
65485
65481
65475
65479
65493
65501
65481
65469
65467
65461
65467
65473
65475
65475
65475
65451
65487
47
65489
65491
65493
65497
65501
65505
65517
65519
65527
65529
65533
1
65527
65513
65507
65497
65499
65497
65499
65493
65483
65483
65483
65485
65483
65499
65503
65487
65477
65479
65483
65479
65485
65467
65473
65477
65491
65479
7
51
65505
65481
65491
65513
65517
65521
65469
65489
65505
65515
65529
65535
5
65521
65515
65509
65501
65497
65489
65487
65485
65491
65483
65481
65475
65475
65481
65479
65477
65485
65493
65503
65493
65479
65475
65479
65473
65473
65473
65485
65491
65491
65497
65497
65487
65479
65529
79
57
65493
65507
65475
65499
65519
27
65533
65511
65489
65513
65529
3
11
11
9
17
65535
65533
65509
65511
65505
65511
65505
65507
65501
65499
65515
65469
65479
65475
65483
65497
65501
65505
65499
65499
65499
65479
65463
65503
65445
65469
65485
65483
65485
65493
65503
65473
65519
65491
59
65535
65501
65511
65497
65511
65499
65505
65525
65511
65531
65517
65521
15
65521
1
11
65535
65527
65505
65503
65517
65495
65481
65485
65489
65497
65495
65487
65489
65491
65477
65495
65497
65511
65499
65493
65489
65489
65479
65479
65473
65489
65499
65509
65509
65487
65521
91
1
65515
65517
65527
65523
65523
65529
1
7
5
11
17
15
9
65525
65517
65515
65505
65503
65497
65493
65495
65529
57
9
65419
65469
65461
65465
65467
65449
65449
65447
65475
65457
65455
65433
65431
65463
29
65509
65471
65475
65475
65483
65489
65495
65495
65503
65509
65509
65515
65509
65505
65489
65487
65479
65473
65471
65463
65465
65461
65455
65455
65465
65475
65473
65457
65447
65447
65449
65443
65461
65463
65465
65467
65449
65477
39
65497
65469
65473
65471
65479
65481
65487
65491
65493
65495
65501
65501
65497
65493
65477
65461
65461
65457
65447
65449
65439
65443
65439
65439
65435
65453
65457
65457
65445
65431
65429
65425
65421
65433
65439
65445
65445
65427
65467
15
65465
65459
65461
65459
65463
65473
65475
65479
65481
65487
65495
65499
65499
65493
65481
65463
65457
65469
65453
65451
65447
65451
65441
65437
65443
65441
65451
65469
65469
65451
65443
65443
65433
65435
65433
65443
65447
65455
65451
65449
65431
65463
65513
11
65469
65473
65473
65473
65473
65481
65481
65491
65489
65489
65493
65501
65497
65503
65499
65485
65475
65477
65465
65465
65461
65453
65459
65451
65447
65447
65445
65447
65445
65451
65459
65463
65473
65457
65449
65441
65443
65441
65435
65437
65433
65451
65453
65453
65457
65457
65441
65453
65477
37
65519
65475
65471
65475
65467
65473
65473
65485
65481
65483
65489
65495
65499
65505
65499
65505
65513
65503
65499
65491
65483
65475
65469
65457
65463
65463
65461
65455
65455
65451
65453
65451
65443
65447
65449
65451
65457
65459
65473
65457
65469
65491
65501
65469
65345
65281
65299
65329
65363
65383
65411
65433
65495
65491
65495
65499
65513
65519
65525
65529
65533
65535
65533
65531
65519
65513
65495
65485
65471
65463
65457
65449
65447
65447
65443
65445
65447
65437
65441
65443
65447
65441
65443
65451
65439
65449
65453
65447
65449
65461
65471
65021
